%x (m)      y (m)     σx (m)   σy (m)   x' (m)      y' (m)      σx' (m)   σy' (m)
%50.000     100.000   0.100    0.100    -134.782    29.569      0.050     0.050
%130.000    110.000   0.130    0.100    -80.933     78.305      0.050     0.050
%145.000    30.000    0.130    0.080    -28.756     26.968      0.050     0.050
%61.000     25.000    0.100    0.080    -87.983     -20.128     0.050     0.050

%x_A      y_A      σ_xA   σ_yA   x_B       y_B       σ_xB   σ_yB
50.000   100.000  0.100  0.100  320.392   -67.890   0.060  0.050
75.000   80.000   0.110  0.150  320.571   -97.243   0.060  0.050
130.000  110.000  0.130  0.200  373.817   -119.309  0.060  0.050
145.000  30.000   0.230  0.080  325.399   -176.423  0.060  0.050
61.000   25.000   0.100  0.080  273.330   -119.095  0.060  0.050
108.000  -10.000  0.110  0.140  275.389   -172.958  0.060  0.050
